$hessian                                                                        
        0.4862323862  -0.0280306984  -0.0353082548  -0.0716318765  -0.0270292629
        0.0025136658   0.0004842671  -0.0008004121   0.0004460557   0.0009302886
       -0.0001627800   0.0006775659   0.0030964016   0.0230080176  -0.0007892846
        0.0001086058  -0.0001276299   0.0000386389   0.0001096446  -0.0000633831
       -0.0000322223  -0.1437143647  -0.0201056111  -0.0510965689  -0.0047310309
       -0.0180433558  -0.0010611213  -0.0038514371  -0.0158133243   0.0017895682
       -0.0054379861   0.0037463400  -0.0114583398  -0.0247144696  -0.0044165101
       -0.0144522565  -0.0030265415  -0.0015597252  -0.0025184663  -0.0036766898
        0.0042367544  -0.0002589743   0.0010442740   0.0005489371  -0.0000586174
       -0.1825567894   0.0944144719   0.0643410612  -0.0508815081  -0.0105173800
        0.0448111421   0.0023746203   0.0005855971   0.0020556014   0.0000404871
       -0.0003101066  -0.0003286181  -0.0002178605   0.0002526953   0.0003191245
        0.0000479705   0.0000809930   0.0001582884  -0.0000539005   0.0000146351
        0.0000794272   0.0000255092   0.0000917380   0.0001325849
       -0.0280306984   0.4635421292  -0.0104024055  -0.0314620346  -0.1830960940
        0.0057527640  -0.0015707783   0.0005694905  -0.0010761007  -0.0000169963
        0.0007241241   0.0000502641   0.0039693002  -0.0260416592  -0.0002725432
       -0.0000063528   0.0001813001  -0.0000455190  -0.0001750759   0.0000983960
       -0.0002284504  -0.0147802642  -0.0675502483  -0.0094346389  -0.0046115060
       -0.0117323223  -0.0007624617  -0.0033356130  -0.0125214261   0.0032363563
        0.0109440842   0.0032825203   0.0070388489   0.0017255303   0.0011972790
        0.0005850469  -0.0213118786  -0.0066737487  -0.0167508494   0.0032690716
       -0.0019562553   0.0003469864  -0.0009704681   0.0009507953   0.0001234939
        0.0937348893  -0.1014643285  -0.0410718017  -0.0098455172  -0.0591624511
        0.0593770556   0.0021681845  -0.0005208072   0.0038362851  -0.0000169798
       -0.0003308673  -0.0000545510   0.0001973859   0.0003344051  -0.0000728069
        0.0000076251   0.0000165810  -0.0000154677   0.0000877688   0.0000266936
       -0.0000493949   0.0000303233   0.0001264938  -0.0001101102
       -0.0353082548  -0.0104024055   0.5129995709   0.0018685083   0.0066404434
       -0.0674350328   0.0003105499  -0.0009083882   0.0000596826   0.0002031126
       -0.0003136339   0.0001532938   0.0006524766  -0.0008240699   0.0005280115
        0.0001750007  -0.0001088826   0.0000726816   0.0000447717  -0.0000263925
       -0.0000470418  -0.0550145849  -0.0157665744  -0.1023587163  -0.0067479370
       -0.0225690062  -0.0008547013   0.0076365639   0.0244446477  -0.0016872056
       -0.0185540085   0.0018556831  -0.0197892023   0.0089310253   0.0032728128
        0.0064265612  -0.0113365490  -0.0044476233  -0.0071751396   0.0001735748
       -0.0003911007   0.0008106387   0.0000624261  -0.0009517376   0.0004915171
        0.0636002156  -0.0399814555  -0.0740866673   0.0453967816   0.0586056351
       -0.2450985818  -0.0018070931   0.0019836520  -0.0031002267  -0.0000220051
       -0.0000540231  -0.0000313164  -0.0003242952  -0.0000686151   0.0001562119
        0.0000243759   0.0000091571  -0.0000002973  -0.0000013231   0.0000034565
       -0.0000060168   0.0000366676  -0.0000015792  -0.0000280232
       -0.0716318765  -0.0314620346   0.0018685083   0.4969859355   0.0151054060
        0.0060285393  -0.0191290480   0.0059835913  -0.0086933474  -0.0004848128
       -0.0000846499  -0.0001427290  -0.1589353217   0.0607277048   0.0010985472
        0.0000489108  -0.0001744617   0.0000070316  -0.0014474809   0.0001874384
       -0.0029524548  -0.0071360280  -0.0205248559  -0.0031609562  -0.1085243467
       -0.0294063557  -0.0996446701  -0.1108237065  -0.0223033691   0.1009576427
        0.0004297398  -0.0001759687  -0.0004995585  -0.0006450647  -0.0003937405
       -0.0003931981  -0.0028833755  -0.0012723394  -0.0018343483   0.0033606608
       -0.0008529758  -0.0001104810  -0.0219594498   0.0116353947   0.0037439346
        0.0040118803   0.0221106515   0.0004088539  -0.0021217857  -0.0092129545
        0.0021077326   0.0007000242   0.0003038393   0.0011277056   0.0000821272
       -0.0002836486  -0.0003077042   0.0000013390   0.0001474068   0.0002103729
        0.0000470257   0.0000198283   0.0001308859   0.0000144783  -0.0000260472
        0.0000289109   0.0000401752  -0.0000478596   0.0000207825
       -0.0270292629  -0.1830960940   0.0066404434   0.0151054060   0.4487339971
        0.0048429569   0.0006289881   0.0019862644   0.0023666298  -0.0001555689
        0.0001543200  -0.0002373216   0.0598624466  -0.1031298967   0.0018792046
       -0.0001472051   0.0002027735  -0.0000654640  -0.0011127524   0.0000149784
       -0.0007648831  -0.0081030159  -0.0101257017  -0.0066724678  -0.0288141052
       -0.0526688852  -0.0437151390  -0.0237725606  -0.0500125976   0.0338966324
       -0.0007060897  -0.0000386661  -0.0004212686  -0.0000836522   0.0000899341
       -0.0000066434  -0.0013012281   0.0003208854  -0.0002572768   0.0258057827
       -0.0203239774   0.0002480013  -0.0034626551   0.0034673530  -0.0008658964
       -0.0020364306  -0.0226525122   0.0002252680  -0.0048115637  -0.0132658635
        0.0028618153   0.0002152651   0.0000395853   0.0003979003   0.0000847812
       -0.0004260051   0.0000135624  -0.0002139637   0.0004927773  -0.0001661822
       -0.0000109942   0.0000362111  -0.0000609726   0.0000286587   0.0000385091
       -0.0000453837   0.0000297198   0.0001626108  -0.0000935154
        0.0025136658   0.0057527640  -0.0674350328   0.0060285393   0.0048429569
        0.5453124243  -0.0227494083   0.0109975759  -0.0037106715  -0.0007690623
       -0.0002845714  -0.0008460992  -0.0000371844   0.0020644574  -0.0667519267
       -0.0007882350  -0.0000530609  -0.0007731381  -0.0030578747  -0.0000989959
       -0.0036605080  -0.0062867296  -0.0160433264  -0.0020102123  -0.0981053825
       -0.0431528628  -0.1954087749   0.0992830915   0.0322271480  -0.2021356189
       -0.0010157138  -0.0007708058   0.0004750770  -0.0002996569  -0.0004157373
       -0.0002131465  -0.0031722639  -0.0015282899  -0.0019511547   0.0012742225
       -0.0007529708   0.0007597910   0.0213143021  -0.0118639505  -0.0006820553
       -0.0009055582  -0.0090846434   0.0012248383   0.0063630002   0.0279800377
       -0.0028736389   0.0002507580   0.0001513506   0.0005706836  -0.0002206601
        0.0003431036   0.0000515135   0.0002812511  -0.0001702592   0.0001601582
        0.0000592591  -0.0000682725  -0.0000680571   0.0000370788  -0.0000244659
       -0.0000407231   0.0000025617  -0.0000471813   0.0000062721
        0.0004842671  -0.0015707783   0.0003105499  -0.0191290480   0.0006289881
       -0.0227494083   0.5171655181   0.0045324516  -0.0228402655  -0.0054799630
        0.0214611264   0.0094933001  -0.0897680248  -0.0103427151  -0.0503001286
       -0.0663251243  -0.0464894249   0.0451046094  -0.2637467596   0.0140252300
        0.0333484521   0.0007102979   0.0009534312  -0.0000359139  -0.0045563324
        0.0033213405  -0.0012160145   0.0008465647  -0.0004512518  -0.0006544104
       -0.0720533844   0.0299293589   0.0159131120   0.0006180002  -0.0010532960
       -0.0000402819   0.0009514082  -0.0004203764   0.0000298266  -0.0028955343
       -0.0025328211  -0.0079214089   0.0056265335   0.0026563288   0.0115034005
        0.0002321891  -0.0002941668   0.0001481953   0.0000268400  -0.0000327998
        0.0000981092  -0.0021154720  -0.0141732510  -0.0105850370   0.0000616225
       -0.0002719768  -0.0003788696  -0.0006966653   0.0000934758   0.0005937330
        0.0000502814   0.0000254223   0.0000845920  -0.0000621507   0.0000228768
        0.0000780601   0.0000549362  -0.0000171723   0.0000157984
       -0.0008004121   0.0005694905  -0.0009083882   0.0059835913   0.0019862644
        0.0109975759   0.0045324516   0.4687740864  -0.0398758689   0.0033304272
       -0.0042502699  -0.0023994756  -0.0060474537  -0.0665482593  -0.0101729006
       -0.0480788393  -0.1492444645   0.1047579453   0.0158937481  -0.0446739281
        0.0009451321   0.0049401594  -0.0265294908  -0.0022058840   0.0026905785
       -0.0010302993   0.0005158693  -0.0005511116   0.0007650303   0.0000077341
        0.0323703348  -0.1661609568  -0.0388120700   0.0003105512   0.0009226531
       -0.0010878362   0.0007384768  -0.0031556470   0.0030793721  -0.0138950643
       -0.0062223298  -0.0250951466   0.0029658256   0.0017472633   0.0079770017
       -0.0001302115   0.0002696586   0.0000362735  -0.0001457785   0.0001539023
       -0.0001524774  -0.0031427988  -0.0075651113  -0.0082679625   0.0001847483
       -0.0009014357  -0.0007331030  -0.0010744392   0.0006150891   0.0011022010
        0.0001312954   0.0001045493   0.0002054147  -0.0002128752   0.0000851541
        0.0001278073   0.0000067959   0.0002890512  -0.0000412142
        0.0004460557  -0.0010761007   0.0000596826  -0.0086933474   0.0023666298
       -0.0037106715  -0.0228402655  -0.0398758689   0.4692451293   0.0048556018
       -0.0131769214  -0.0046216876  -0.0455944077  -0.0147925209  -0.1581560569
        0.0453446263   0.1046551939  -0.1410892632   0.0344205846  -0.0001310231
       -0.0446013398  -0.0048703549   0.0161300589   0.0052326739  -0.0000063444
        0.0002490091   0.0009497522   0.0008168837  -0.0000540149   0.0009537845
        0.0184693813  -0.0354333714  -0.0739842772  -0.0002941568   0.0003944690
        0.0010162057  -0.0005779184   0.0039630066  -0.0023681101  -0.0045656661
       -0.0027402403  -0.0085308039  -0.0109861469  -0.0022346212  -0.0257160712
        0.0000102216  -0.0001001071   0.0001002636  -0.0000355471  -0.0000339453
        0.0000477384  -0.0064661631  -0.0183209941  -0.0147134676  -0.0002009253
        0.0002801234   0.0001264384   0.0005756156  -0.0000304850  -0.0003487008
        0.0000562322  -0.0000144666   0.0001123880   0.0001301203  -0.0000263440
       -0.0000397847   0.0000059203   0.0000025340   0.0000361779
        0.0009302886  -0.0000169963   0.0002031126  -0.0004848128  -0.0001555689
       -0.0007690623  -0.0054799630   0.0033304272   0.0048556018   0.2202970498
        0.0057529984  -0.1023453748  -0.0001951607   0.0002700662   0.0010112335
        0.0006993618  -0.0005680337  -0.0001063316   0.0004908721   0.0009754132
        0.0005362059   0.0008844228  -0.0015337388   0.0018463828  -0.0000428607
       -0.0000428005  -0.0002686066  -0.0002777819  -0.0008771404  -0.0018296469
       -0.1985959883  -0.0040759679   0.1018338057   0.0010466056   0.0005366660
       -0.0011275314   0.0002454299  -0.0000044945  -0.0001832123  -0.0001090111
       -0.0001716122  -0.0001696606  -0.0000068412   0.0000518539  -0.0000795878
        0.0000116540   0.0001849365   0.0000279764  -0.0001391179   0.0000129134
       -0.0001561887  -0.0193693470  -0.0040123639  -0.0014239425  -0.0021885982
        0.0101595941   0.0075090084  -0.0000664147  -0.0053716332  -0.0055549996
       -0.0008225289  -0.0006409452  -0.0020635967   0.0031105384  -0.0014081592
       -0.0023474448   0.0000622035  -0.0023954143   0.0006018595
       -0.0001627800   0.0007241241  -0.0003136339  -0.0000846499   0.0001543200
       -0.0002845714   0.0214611264  -0.0042502699  -0.0131769214   0.0057529984
        0.0575559406  -0.0028905171   0.0001271462  -0.0001988209   0.0000447018
        0.0011841553   0.0002114953  -0.0006621073   0.0021233277  -0.0045148769
       -0.0028142679  -0.0155722548  -0.0019082271   0.0127216999  -0.0000218104
       -0.0001033027   0.0000969439  -0.0008645292  -0.0000178813  -0.0009790950
       -0.0065445754  -0.0414567076   0.0058491594  -0.0000707990  -0.0024281638
        0.0036480471  -0.0004306239   0.0001224726   0.0000293365   0.0000722922
       -0.0000870031  -0.0000542475  -0.0000932081  -0.0000927121   0.0000677207
        0.0000584778  -0.0001455514  -0.0000375289  -0.0000360872  -0.0001344525
       -0.0001910463  -0.0075980829  -0.0000127412  -0.0004171963   0.0005674506
        0.0018123270   0.0003989010  -0.0006450534  -0.0035715905   0.0000883818
       -0.0001573449  -0.0002546392  -0.0005372107   0.0005514012  -0.0004745917
       -0.0005084238   0.0003834235  -0.0009291478  -0.0000781248
        0.0006775659   0.0000502641   0.0001532938  -0.0001427290  -0.0002373216
       -0.0008460992   0.0094933001  -0.0023994756  -0.0046216876  -0.1023453748
       -0.0028905171   0.1224572776   0.0001094643  -0.0003252596  -0.0001179329
       -0.0005373851   0.0008872016   0.0007993040   0.0001103129  -0.0011291008
       -0.0001124813   0.0163441892   0.0043869147  -0.0142128663  -0.0000527196
        0.0000148949   0.0003554053  -0.0015492447  -0.0010295226  -0.0008794066
        0.0999226852   0.0040337751  -0.0995828935   0.0003307745   0.0031784810
       -0.0026483656  -0.0000876782  -0.0005508033   0.0003907655  -0.0000586878
        0.0001033577   0.0000254629  -0.0001602774   0.0000874182   0.0001962302
       -0.0002481096   0.0002577475  -0.0000265940  -0.0000734899  -0.0000543569
        0.0004003614  -0.0200173207  -0.0040092398  -0.0000469562   0.0019640587
       -0.0056641445  -0.0040610832  -0.0022654422   0.0031777601   0.0009047668
        0.0004645660   0.0001944171   0.0005985098  -0.0018308163   0.0007006212
        0.0011936653  -0.0000476414   0.0012168888  -0.0003186762
        0.0030964016   0.0039693002   0.0006524766  -0.1589353217   0.0598624466
       -0.0000371844  -0.0897680248  -0.0060474537  -0.0455944077  -0.0001951607
        0.0001271462   0.0001094643   0.4674897977   0.0264106004  -0.0338958541
        0.0041992414  -0.0002375286   0.0054093327  -0.0167386845  -0.0036011846
       -0.0260022448   0.0003529219  -0.0004390712  -0.0004302882  -0.0167139117
        0.0101368415  -0.0025502140  -0.0201597762   0.0111169692   0.0029409678
        0.0015563213  -0.0046071964  -0.0008038300  -0.0000285045  -0.0002749574
       -0.0000479219   0.0000088849  -0.0000643978   0.0000152292  -0.0545804573
       -0.0544362558  -0.0020511170  -0.1219149209  -0.0398311768   0.1021371270
        0.0007936786  -0.0013820403  -0.0004502881   0.0004117293  -0.0008263193
        0.0000162391   0.0008745766   0.0002310373   0.0005675317  -0.0001008416
        0.0000606478  -0.0001498603   0.0002154269  -0.0000933144  -0.0000017093
        0.0000472471   0.0000103683   0.0001028036   0.0000665565  -0.0000114477
        0.0000032855   0.0000228199  -0.0000730132   0.0000604625
        0.0230080176  -0.0260416592  -0.0008240699   0.0607277048  -0.1031298967
        0.0020644574  -0.0103427151  -0.0665482593  -0.0147925209   0.0002700662
       -0.0001988209  -0.0003252596   0.0264106004   0.5268135877  -0.0068379138
        0.0085395317   0.0018925698   0.0155218906   0.0010337995   0.0018234615
        0.0018933380   0.0004917646   0.0021496634  -0.0000830110  -0.0029853164
        0.0023798614   0.0003036668  -0.0012863597   0.0024805356  -0.0008623525
       -0.0101068788  -0.0073878142  -0.0205585224   0.0001488605  -0.0005890795
       -0.0002021628   0.0003200192   0.0004857284  -0.0001091946  -0.0549090700
       -0.2607755000  -0.0192319322  -0.0397074437  -0.0629113290   0.0476464799
       -0.0002347608  -0.0065078587   0.0003511564   0.0001548305  -0.0001785578
       -0.0002803406  -0.0013129121  -0.0038744045  -0.0038585922   0.0000894036
       -0.0001233740  -0.0000781252  -0.0002127971   0.0000996788   0.0002362845
       -0.0000113719   0.0000301976   0.0000320363  -0.0000542812   0.0000251410
        0.0000129489  -0.0000306920   0.0000861284  -0.0000182612
       -0.0007892846  -0.0002725432   0.0005280115   0.0010985472   0.0018792046
       -0.0667519267  -0.0503001286  -0.0101729006  -0.1581560569   0.0010112335
        0.0000447018  -0.0001179329  -0.0338958541  -0.0068379138   0.4816495849
       -0.0104083790  -0.0017655199  -0.0236825801  -0.0017322737   0.0001179975
       -0.0015492127   0.0000362615   0.0004784649   0.0003960060  -0.0223312349
        0.0131962197  -0.0022944890   0.0217687808  -0.0130346617  -0.0007475240
       -0.0066487271  -0.0117975576  -0.0149890626   0.0000414040   0.0000483649
        0.0001138436   0.0001146563   0.0003101779  -0.0000970632  -0.0027042683
       -0.0196833901  -0.0440048653   0.1038160667   0.0477045812  -0.1723058107
        0.0001224142  -0.0004392927   0.0004029415  -0.0002106084   0.0004178912
        0.0001818221   0.0015162589  -0.0001602797   0.0010954923   0.0000530425
       -0.0002004884  -0.0002748242  -0.0005313246   0.0000865126   0.0004401533
        0.0000372071   0.0000295046   0.0001031062  -0.0000696177   0.0000022914
        0.0000444051   0.0000058284   0.0000486353   0.0000159817
        0.0001086058  -0.0000063528   0.0001750007   0.0000489108  -0.0001472051
       -0.0007882350  -0.0663251243  -0.0480788393   0.0453446263   0.0006993618
        0.0011841553  -0.0005373851   0.0041992414   0.0085395317  -0.0104083790
        0.0723602831   0.0536927832  -0.0507386701  -0.0143862386  -0.0231854742
        0.0228656772   0.0002382332   0.0015725387   0.0000884052  -0.0002018697
        0.0000685644   0.0000905479  -0.0000947572  -0.0000264663   0.0001449166
        0.0024595203   0.0057754535  -0.0029184252   0.0000028646   0.0001419518
       -0.0001113345   0.0000448004   0.0002916172  -0.0002667679   0.0011249076
        0.0007204741  -0.0002689916  -0.0003441012   0.0001552120  -0.0021989972
        0.0000529479  -0.0000272027   0.0000240701  -0.0000229501  -0.0000762522
        0.0000216311  -0.0001668800  -0.0000763025  -0.0003120521  -0.0000711155
        0.0003561933   0.0002692628   0.0001724361  -0.0005561648  -0.0002223364
       -0.0000314161  -0.0000728094  -0.0001538917   0.0001028129  -0.0000744716
       -0.0000903805   0.0000295269  -0.0001709343  -0.0000082917
       -0.0001276299   0.0001813001  -0.0001088826  -0.0001744617   0.0002027735
       -0.0000530609  -0.0464894249  -0.1492444645   0.1046551939  -0.0005680337
        0.0002114953   0.0008872016  -0.0002375286   0.0018925698  -0.0017655199
        0.0536927832   0.1798329975  -0.1173379199  -0.0018260582   0.0004457289
        0.0015370259   0.0012347668  -0.0054931031  -0.0022460772   0.0000791372
       -0.0000525838  -0.0000739572   0.0003901759  -0.0000982188   0.0000308491
       -0.0056221803  -0.0279930638   0.0170349153   0.0001342078   0.0002297768
       -0.0003431727   0.0003037783  -0.0014823495   0.0011010764   0.0000460571
        0.0013711869  -0.0016232935   0.0000865279   0.0004715728  -0.0008083600
        0.0000057457  -0.0000675915  -0.0000301619  -0.0000172715   0.0000106246
       -0.0000522529  -0.0006485056  -0.0007117991  -0.0008390083   0.0001135147
        0.0000186349   0.0000284137  -0.0002827911   0.0002031977  -0.0001620480
       -0.0000043193   0.0000180402   0.0000508958  -0.0000442393   0.0000230291
        0.0000643658  -0.0000442505   0.0000302462   0.0000537777
        0.0000386389  -0.0000455190   0.0000726816   0.0000070316  -0.0000654640
       -0.0007731381   0.0451046094   0.1047579453  -0.1410892632  -0.0001063316
       -0.0006621073   0.0007993040   0.0054093327   0.0155218906  -0.0236825801
       -0.0507386701  -0.1173379199   0.1669397792   0.0047070144   0.0056602365
       -0.0043950213   0.0002870299  -0.0011888134   0.0002696891  -0.0002086697
        0.0000583419   0.0000644618  -0.0001645273   0.0000071177   0.0001853910
       -0.0018219148  -0.0069592334   0.0063568318  -0.0000812330  -0.0001154396
       -0.0000240886   0.0000126668  -0.0002864004   0.0001631117   0.0003644216
        0.0005308197   0.0002897513  -0.0028065437  -0.0000859917  -0.0053973809
       -0.0000533376  -0.0000412827   0.0000333826   0.0000102213  -0.0001061906
        0.0000176047   0.0003188714   0.0002811814   0.0003601468   0.0001426605
       -0.0002789186  -0.0000862574  -0.0002930479   0.0002166019  -0.0000849667
       -0.0000154627   0.0000040870  -0.0000249638  -0.0000857569   0.0000400588
        0.0000278352  -0.0000270033   0.0000949998  -0.0000223106
        0.0001096446  -0.0001750759   0.0000447717  -0.0014474809  -0.0011127524
       -0.0030578747  -0.2637467596   0.0158937481   0.0344205846   0.0004908721
        0.0021233277   0.0001103129  -0.0167386845   0.0010337995  -0.0017322737
       -0.0143862386  -0.0018260582   0.0047070144   0.3051978113  -0.0189085157
       -0.0376664320   0.0001118463  -0.0004383863  -0.0000380933  -0.0008502833
        0.0005836873  -0.0002553276   0.0003882841  -0.0001149841  -0.0000941334
       -0.0111801396   0.0034523881   0.0035747855   0.0000873270   0.0003829091
       -0.0003282637   0.0000677956  -0.0001225666  -0.0000988491  -0.0006895407
       -0.0001636979  -0.0006417369   0.0012203876   0.0002709304   0.0007029601
        0.0000450238  -0.0001016608   0.0000016879  -0.0000077575   0.0000112082
       -0.0000830866   0.0019312903  -0.0008348487   0.0000289653   0.0001868376
       -0.0004513358  -0.0003855148  -0.0006619062   0.0002411056   0.0006163003
        0.0000381597   0.0000636858   0.0001158651  -0.0001536050   0.0000370664
        0.0000825642  -0.0000128840   0.0001560262  -0.0000242260
       -0.0000633831   0.0000983960  -0.0000263925   0.0001874384   0.0000149784
       -0.0000989959   0.0140252300  -0.0446739281  -0.0001310231   0.0009754132
       -0.0045148769  -0.0011291008  -0.0036011846   0.0018234615   0.0001179975
       -0.0231854742   0.0004457289   0.0056602365  -0.0189085157   0.0521846164
        0.0053142417   0.0005549984   0.0001859779  -0.0008334209  -0.0000548454
        0.0000061034  -0.0000676462   0.0001104164  -0.0001413321  -0.0000445625
        0.0287905865  -0.0058566967  -0.0082650470  -0.0003009085  -0.0000166857
        0.0003276378  -0.0001793356   0.0000120404   0.0001599064   0.0001135775
       -0.0003385444  -0.0001666084   0.0004144119   0.0007841121   0.0001859820
       -0.0000865931  -0.0000020850  -0.0000646429  -0.0000284819   0.0000121773
       -0.0000060529   0.0007242587  -0.0001612235  -0.0006454163  -0.0000021668
        0.0001824749   0.0001229098   0.0005703807  -0.0000245527  -0.0004583585
       -0.0000161898  -0.0000051182   0.0000224121   0.0000185430  -0.0000155964
       -0.0000136960  -0.0000581759   0.0000005726   0.0000396401
       -0.0000322223  -0.0002284504  -0.0000470418  -0.0029524548  -0.0007648831
       -0.0036605080   0.0333484521   0.0009451321  -0.0446013398   0.0005362059
       -0.0028142679  -0.0001124813  -0.0260022448   0.0018933380  -0.0015492127
        0.0228656772   0.0015370259  -0.0043950213  -0.0376664320   0.0053142417
        0.0600868766  -0.0001842207   0.0000137424   0.0003701146  -0.0011664940
        0.0006801165  -0.0002847952   0.0000959031  -0.0000928311  -0.0001431874
        0.0117104363  -0.0053068505  -0.0046376902   0.0000383469   0.0002022333
        0.0000517911   0.0000621666  -0.0000303852  -0.0000977102  -0.0004731036
       -0.0003842759  -0.0007651967  -0.0017354537   0.0002079804   0.0005522731
        0.0000512124  -0.0000858953  -0.0000560119  -0.0000705929  -0.0000559676
        0.0000093558   0.0012157466  -0.0010823688  -0.0004737624  -0.0000153380
        0.0001670039   0.0001579377   0.0003783909  -0.0000322639  -0.0003044358
       -0.0000324542  -0.0000210075  -0.0000534500   0.0000478553  -0.0000120702
       -0.0000449640  -0.0000193823  -0.0000492968  -0.0000015399
       -0.1437143647  -0.0147802642  -0.0550145849  -0.0071360280  -0.0081030159
       -0.0062867296   0.0007102979   0.0049401594  -0.0048703549   0.0008844228
       -0.0155722548   0.0163441892   0.0003529219   0.0004917646   0.0000362615
        0.0002382332   0.0012347668   0.0002870299   0.0001118463   0.0005549984
       -0.0001842207   0.4885069624  -0.0040094935  -0.0386921626   0.0001212739
       -0.0009382635   0.0005041284   0.0002506536   0.0001042184   0.0002427445
       -0.0600611477   0.0030271424   0.0085254915  -0.1995340705   0.0087551659
        0.1037735446  -0.0447129997   0.0200165075   0.0118080410  -0.0000969051
        0.0002267220   0.0001461818   0.0001095707   0.0001574481  -0.0000150212
       -0.0252888354  -0.0038986695  -0.0151013996  -0.0001606307   0.0002564422
       -0.0006775540  -0.0098413323   0.0076376882  -0.0212610890  -0.0000619195
       -0.0001273267  -0.0002850066  -0.0007128324  -0.0001345680   0.0003590113
        0.0000959920   0.0000276514   0.0001655927  -0.0000840215   0.0000634595
        0.0001184523   0.0000229127   0.0000697212   0.0000774546
       -0.0201056111  -0.0675502483  -0.0157665744  -0.0205248559  -0.0101257017
       -0.0160433264   0.0009534312  -0.0265294908   0.0161300589  -0.0015337388
       -0.0019082271   0.0043869147  -0.0004390712   0.0021496634   0.0004784649
        0.0015725387  -0.0054931031  -0.0011888134  -0.0004383863   0.0001859779
        0.0000137424  -0.0040094935   0.5114629179   0.0283768187  -0.0023387741
       -0.0053468698  -0.0002959027  -0.0000560082   0.0000936081  -0.0000855256
        0.0032350922  -0.1283338069   0.0676741771   0.0090253817  -0.0452819639
       -0.0072688622   0.0193433964  -0.2316730095  -0.0846197390  -0.0003363085
        0.0004616146   0.0003504970  -0.0001085648  -0.0005494648   0.0000633855
        0.0099841367   0.0021092331   0.0071811441   0.0058421067   0.0024865643
        0.0050373394  -0.0007804288   0.0034650390  -0.0038253555  -0.0001159493
        0.0000349444   0.0003957832   0.0006782239   0.0001754404  -0.0006618461
       -0.0000846452   0.0000198206  -0.0001679619   0.0001745266   0.0000189027
       -0.0001057513   0.0000630016   0.0001281594  -0.0000586674
       -0.0510965689  -0.0094346389  -0.1023587163  -0.0031609562  -0.0066724678
       -0.0020102123  -0.0000359139  -0.0022058840   0.0052326739   0.0018463828
        0.0127216999  -0.0142128663  -0.0004302882  -0.0000830110   0.0003960060
        0.0000884052  -0.0022460772   0.0002696891  -0.0000380933  -0.0008334209
        0.0003701146  -0.0386921626   0.0283768187   0.4620909010  -0.0003470886
       -0.0006003300   0.0006402422   0.0001173314   0.0000988068   0.0000884505
        0.0062330338   0.0693327853  -0.1293730901   0.1033149568  -0.0077083826
       -0.1081846467   0.0120642254  -0.0828363269  -0.0792416413  -0.0000830027
       -0.0000211277   0.0000616463  -0.0000661416  -0.0003205076  -0.0000559319
        0.0047606289  -0.0000354261   0.0048267169  -0.0240271038  -0.0040742616
       -0.0203052341  -0.0106263345   0.0065707526  -0.0185028557  -0.0001167622
       -0.0000285589  -0.0004069404   0.0000709796   0.0001372564   0.0004386593
        0.0000978913   0.0000306065   0.0001876136   0.0000163403  -0.0000953561
        0.0000132648   0.0001102412  -0.0000729490   0.0000361573
       -0.0047310309  -0.0046115060  -0.0067479370  -0.1085243467  -0.0288141052
       -0.0981053825  -0.0045563324   0.0026905785  -0.0000063444  -0.0000428607
       -0.0000218104  -0.0000527196  -0.0167139117  -0.0029853164  -0.0223312349
       -0.0002018697   0.0000791372  -0.0002086697  -0.0008502833  -0.0000548454
       -0.0011664940   0.0001212739  -0.0023387741  -0.0003470886   0.1269258963
        0.0336072683   0.1165200582   0.0083204067   0.0031478440   0.0129800582
        0.0000043744   0.0002451745   0.0007018469  -0.0000846093   0.0000099172
       -0.0000342434  -0.0004535735  -0.0001791511  -0.0003540224   0.0007107226
       -0.0002086316  -0.0001851997   0.0000492238  -0.0003585674  -0.0001697250
       -0.0002052620  -0.0001990160  -0.0001257854   0.0001402171   0.0000097691
       -0.0002907928   0.0000364949  -0.0000006091  -0.0000443420  -0.0000533172
        0.0001806247   0.0001568969   0.0001374040  -0.0001806424  -0.0001602154
       -0.0000466356  -0.0000097032  -0.0000192055   0.0000351177   0.0000183317
       -0.0000115509  -0.0000170985  -0.0000259670   0.0000020933
       -0.0180433558  -0.0117323223  -0.0225690062  -0.0294063557  -0.0526688852
       -0.0431528628   0.0033213405  -0.0010302993   0.0002490091  -0.0000428005
       -0.0001033027   0.0000148949   0.0101368415   0.0023798614   0.0131962197
        0.0000685644  -0.0000525838   0.0000583419   0.0005836873   0.0000061034
        0.0006801165  -0.0009382635  -0.0053468698  -0.0006003300   0.0336072683
        0.0665349285   0.0492348825   0.0021359290   0.0022579064   0.0038158412
        0.0001173149  -0.0001359768   0.0001711175  -0.0000364823  -0.0001542881
       -0.0000528547  -0.0011651350  -0.0005752777  -0.0008479791   0.0002774395
        0.0003273599   0.0005863203  -0.0003825334   0.0001206026   0.0000214257
        0.0002103237  -0.0006577500  -0.0000961295  -0.0005254767   0.0009515259
       -0.0007207833   0.0000145995  -0.0000111284  -0.0000012343  -0.0000478387
        0.0001823033   0.0000218363   0.0001348636  -0.0001914178  -0.0000592706
       -0.0000124746  -0.0000258365   0.0000224872   0.0000125122  -0.0000003768
       -0.0000009413  -0.0000199681  -0.0000742761   0.0000288991
       -0.0010611213  -0.0007624617  -0.0008547013  -0.0996446701  -0.0437151390
       -0.1954087749  -0.0012160145   0.0005158693   0.0009497522  -0.0002686066
        0.0000969439   0.0003554053  -0.0025502140   0.0003036668  -0.0022944890
        0.0000905479  -0.0000739572   0.0000644618  -0.0002553276  -0.0000676462
       -0.0002847952   0.0005041284  -0.0002959027   0.0006402422   0.1165200582
        0.0492348825   0.2243810830  -0.0131445799  -0.0060664696  -0.0288564525
       -0.0001762989  -0.0000786781  -0.0001513102   0.0000126996  -0.0000024649
       -0.0000073408  -0.0000909232  -0.0000117339  -0.0000663875   0.0001030231
        0.0003371872   0.0000869759   0.0001518017  -0.0001292848   0.0003309295
        0.0000433566  -0.0003004416  -0.0002363458   0.0004548233   0.0008498588
        0.0014338236   0.0001793300   0.0000880468   0.0002204449  -0.0000989626
        0.0000410988   0.0000733485   0.0003344699   0.0001512164  -0.0002542329
        0.0000040284  -0.0000403798  -0.0000666885   0.0001040912  -0.0000177393
       -0.0000544347   0.0000043604  -0.0000564717  -0.0000005134
       -0.0038514371  -0.0033356130   0.0076365639  -0.1108237065  -0.0237725606
        0.0992830915   0.0008465647  -0.0005511116   0.0008168837  -0.0002777819
       -0.0008645292  -0.0015492447  -0.0201597762  -0.0012863597   0.0217687808
       -0.0000947572   0.0003901759  -0.0001645273   0.0003882841   0.0001104164
        0.0000959031   0.0002506536  -0.0000560082   0.0001173314   0.0083204067
        0.0021359290  -0.0131445799   0.1315418037   0.0247078373  -0.1152618763
       -0.0011597071  -0.0005333315  -0.0003605906   0.0000615605   0.0001101592
       -0.0000129426   0.0000181928   0.0000064114  -0.0000116001   0.0004696552
       -0.0002140267   0.0000976500  -0.0054666740   0.0035794193   0.0009321565
        0.0010021854   0.0009692531  -0.0005773799   0.0000559412  -0.0015311081
        0.0000761181  -0.0000360717  -0.0000555146  -0.0002571628   0.0002675410
       -0.0000397601  -0.0001593785  -0.0011009285   0.0001034230   0.0005788645
       -0.0000261637  -0.0000077572  -0.0000199769  -0.0001898127   0.0000242456
        0.0001053388  -0.0000359721   0.0001104101   0.0000105771
       -0.0158133243  -0.0125214261   0.0244446477  -0.0223033691  -0.0500125976
        0.0322271480  -0.0004512518   0.0007650303  -0.0000540149  -0.0008771404
       -0.0000178813  -0.0010295226   0.0111169692   0.0024805356  -0.0130346617
       -0.0000264663  -0.0000982188   0.0000071177  -0.0001149841  -0.0001413321
       -0.0000928311   0.0001042184   0.0000936081   0.0000988068   0.0031478440
        0.0022579064  -0.0060664696   0.0247078373   0.0652436220  -0.0392327936
       -0.0004428456   0.0000420946  -0.0001672377   0.0001274826  -0.0000437359
       -0.0000537493   0.0000892702  -0.0000468875   0.0001630501   0.0000768848
        0.0001630937  -0.0003714527   0.0034336753  -0.0012519869  -0.0000536727
       -0.0005626468   0.0003011804   0.0010247877  -0.0023330088  -0.0063128725
        0.0011939550   0.0000482969  -0.0000139566  -0.0000748824   0.0001701426
       -0.0000650486  -0.0006170794   0.0000003263  -0.0007773622   0.0013035038
        0.0000603802   0.0000256496   0.0002324200  -0.0001431632   0.0000109320
        0.0001133330  -0.0000151274  -0.0000803465   0.0000395980
        0.0017895682   0.0032363563  -0.0016872056   0.1009576427   0.0338966324
       -0.2021356189  -0.0006544104   0.0000077341   0.0009537845  -0.0018296469
       -0.0009790950  -0.0008794066   0.0029409678  -0.0008623525  -0.0007475240
        0.0001449166   0.0000308491   0.0001853910  -0.0000941334  -0.0000445625
       -0.0001431874   0.0002427445  -0.0000855256   0.0000884505   0.0129800582
        0.0038158412  -0.0288564525  -0.1152618763  -0.0392327936   0.2307403683
       -0.0006727656  -0.0003161566  -0.0005675148  -0.0001047508   0.0000305677
       -0.0001045135  -0.0001113499  -0.0000004963  -0.0001213346  -0.0000840612
       -0.0002251726  -0.0000848743  -0.0000578877  -0.0004718420   0.0008830294
       -0.0003426390  -0.0001544875   0.0008401937   0.0002469775   0.0009165450
        0.0008405690   0.0001204027   0.0000218187   0.0002417842   0.0004728738
       -0.0009056294  -0.0004411464  -0.0003394051   0.0005528796   0.0003663856
        0.0000179672   0.0002666915   0.0003973073  -0.0002940745   0.0001252276
        0.0002239200  -0.0000671182   0.0003769702   0.0000075952
       -0.0054379861   0.0109440842  -0.0185540085   0.0004297398  -0.0007060897
       -0.0010157138  -0.0720533844   0.0323703348   0.0184693813  -0.1985959883
       -0.0065445754   0.0999226852   0.0015563213  -0.0101068788  -0.0066487271
        0.0024595203  -0.0056221803  -0.0018219148  -0.0111801396   0.0287905865
        0.0117104363  -0.0600611477   0.0032350922   0.0062330338   0.0000043744
        0.0001173149  -0.0001762989  -0.0011597071  -0.0004428456  -0.0006727656
        0.4109116770  -0.0234274529  -0.0996010028  -0.0012716208  -0.0182016915
        0.0217087816  -0.0000620324   0.0033533796  -0.0035258369  -0.0010896864
       -0.0010291772  -0.0025423488  -0.0002121488  -0.0002911265  -0.0001294869
       -0.0008209015  -0.0000620248  -0.0006487586  -0.0023955054  -0.0001014598
       -0.0024344666  -0.0547078796  -0.0118180311  -0.0243291825  -0.0002339688
       -0.0037029561  -0.0021079984  -0.0052436248   0.0018370701   0.0049328550
        0.0002557560   0.0000868851   0.0005502546  -0.0010931262   0.0006981136
        0.0009728545   0.0000014593   0.0006236288  -0.0002917721
        0.0037463400   0.0032825203   0.0018556831  -0.0001759687  -0.0000386661
       -0.0007708058   0.0299293589  -0.1661609568  -0.0354333714  -0.0040759679
       -0.0414567076   0.0040337751  -0.0046071964  -0.0073878142  -0.0117975576
        0.0057754535  -0.0279930638  -0.0069592334   0.0034523881  -0.0058566967
       -0.0053068505   0.0030271424  -0.1283338069   0.0693327853   0.0002451745
       -0.0001359768  -0.0000786781  -0.0005333315   0.0000420946  -0.0003161566
       -0.0234274529   0.4216235343  -0.0313329922  -0.0021138898  -0.0015267528
        0.0044519249   0.0021961752  -0.0251156417   0.0216252508   0.0000247783
        0.0004334019  -0.0006136213   0.0000382208   0.0002238812   0.0003105955
       -0.0002879926   0.0001491890  -0.0003494152  -0.0009592467   0.0000473317
       -0.0014796168  -0.0112709267  -0.0227288440  -0.0076161759  -0.0001510050
       -0.0002716033  -0.0001305522  -0.0006236225   0.0009569144   0.0003052801
        0.0000409565   0.0000707611   0.0000511932  -0.0002140369   0.0000864854
        0.0001626571  -0.0000353507   0.0000904169   0.0000558818
       -0.0114583398   0.0070388489  -0.0197892023  -0.0004995585  -0.0004212686
        0.0004750770   0.0159131120  -0.0388120700  -0.0739842772   0.1018338057
        0.0058491594  -0.0995828935  -0.0008038300  -0.0205585224  -0.0149890626
       -0.0029184252   0.0170349153   0.0063568318   0.0035747855  -0.0082650470
       -0.0046376902   0.0085254915   0.0676741771  -0.1293730901   0.0007018469
        0.0001711175  -0.0001513102  -0.0003605906  -0.0001672377  -0.0005675148
       -0.0996010028  -0.0313329922   0.3909941030   0.0032908317   0.0154299640
       -0.0195712483  -0.0006960344  -0.0058445340   0.0064477127  -0.0011666768
       -0.0009329800  -0.0030808673  -0.0001601787  -0.0002607064  -0.0008762748
        0.0004058671  -0.0002211732   0.0001666579  -0.0022667951   0.0000799299
       -0.0015146387  -0.0198236073  -0.0067496193  -0.0341035747   0.0000401065
        0.0021177840   0.0012035889   0.0050038614  -0.0010490098  -0.0028892690
       -0.0001773548   0.0000445023  -0.0002451857   0.0006358421  -0.0004414596
       -0.0005302249   0.0000068434  -0.0003837782   0.0002423529
       -0.0247144696   0.0017255303   0.0089310253  -0.0006450647  -0.0000836522
       -0.0002996569   0.0006180002   0.0003105512  -0.0002941568   0.0010466056
       -0.0000707990   0.0003307745  -0.0000285045   0.0001488605   0.0000414040
        0.0000028646   0.0001342078  -0.0000812330   0.0000873270  -0.0003009085
        0.0000383469  -0.1995340705   0.0090253817   0.1033149568  -0.0000846093
       -0.0000364823   0.0000126996   0.0000615605   0.0001274826  -0.0001047508
       -0.0012716208  -0.0021138898   0.0032908317   0.2327938512  -0.0102184124
       -0.1185705418  -0.0054322429   0.0026392236   0.0053631546   0.0000422031
        0.0001510023  -0.0001538056   0.0003414450  -0.0003603652  -0.0004763393
       -0.0046249484  -0.0013044584  -0.0027884766   0.0006673637   0.0000530002
        0.0005700400   0.0010461086   0.0003535249   0.0006369299   0.0001335273
       -0.0001555391  -0.0002592680  -0.0003948589  -0.0000322963   0.0004048416
        0.0000202163   0.0000040787   0.0000748924  -0.0001177942   0.0000050750
        0.0000472560  -0.0000128896  -0.0000011156  -0.0000289247
       -0.0044165101   0.0011972790   0.0032728128  -0.0003937405   0.0000899341
       -0.0004157373  -0.0010532960   0.0009226531   0.0003944690   0.0005366660
       -0.0024281638   0.0031784810  -0.0002749574  -0.0005890795   0.0000483649
        0.0001419518   0.0002297768  -0.0001154396   0.0003829091  -0.0000166857
        0.0002022333   0.0087551659  -0.0452819639  -0.0077083826   0.0000099172
       -0.0001542881  -0.0000024649   0.0001101592  -0.0000437359   0.0000305677
       -0.0182016915  -0.0015267528   0.0154299640  -0.0102184124   0.0520484639
        0.0049238860   0.0250297517  -0.0047064488  -0.0189361621   0.0000930905
        0.0001135495  -0.0000687411  -0.0002632532  -0.0007833890  -0.0006673742
       -0.0004378924   0.0002708185  -0.0001116532   0.0004979436   0.0007147652
        0.0003780516   0.0002562731   0.0000141149  -0.0000760915   0.0000188156
       -0.0000796919  -0.0000140275  -0.0005397045  -0.0000412888   0.0002326073
        0.0000256752   0.0000027835  -0.0000026238  -0.0000338052   0.0000361270
        0.0000179149  -0.0000250556   0.0000112228   0.0000093452
       -0.0144522565   0.0005850469   0.0064265612  -0.0003931981  -0.0000066434
       -0.0002131465  -0.0000402819  -0.0010878362   0.0010162057  -0.0011275314
        0.0036480471  -0.0026483656  -0.0000479219  -0.0002021628   0.0001138436
       -0.0001113345  -0.0003431727  -0.0000240886  -0.0003282637   0.0003276378
        0.0000517911   0.1037735446  -0.0072688622  -0.1081846467  -0.0000342434
       -0.0000528547  -0.0000073408  -0.0000129426  -0.0000537493  -0.0001045135
        0.0217087816   0.0044519249  -0.0195712483  -0.1185705418   0.0049238860
        0.1324873251   0.0135466136  -0.0040973955  -0.0089449166   0.0000142955
        0.0000481010  -0.0000641701  -0.0001878883  -0.0005634901   0.0000721011
       -0.0031383982  -0.0003642242  -0.0008447641  -0.0017305992   0.0000926489
        0.0011638572   0.0002220590  -0.0002819565  -0.0000975541  -0.0000777193
        0.0002993941   0.0003567728   0.0009500674   0.0000172581  -0.0007598226
       -0.0000794860  -0.0000339533  -0.0000896068   0.0001570738  -0.0000042194
       -0.0001229977  -0.0000398284  -0.0000334245  -0.0000112758
       -0.0030265415  -0.0213118786  -0.0113365490  -0.0028833755  -0.0013012281
       -0.0031722639   0.0009514082   0.0007384768  -0.0005779184   0.0002454299
       -0.0004306239  -0.0000876782   0.0000088849   0.0003200192   0.0001146563
        0.0000448004   0.0003037783   0.0000126668   0.0000677956  -0.0001793356
        0.0000621666  -0.0447129997   0.0193433964   0.0120642254  -0.0004535735
       -0.0011651350  -0.0000909232   0.0000181928   0.0000892702  -0.0001113499
       -0.0000620324   0.0021961752  -0.0006960344  -0.0054322429   0.0250297517
        0.0135466136   0.0554663337  -0.0230930496  -0.0079287801  -0.0000099706
        0.0000900971  -0.0000680459  -0.0000628395  -0.0000755551  -0.0001673700
        0.0005526381  -0.0016274348  -0.0007677093  -0.0005962479  -0.0001280649
       -0.0005962246   0.0000028498   0.0009891410  -0.0001483762   0.0000390688
       -0.0002886332   0.0001721768  -0.0000784498   0.0002430307  -0.0000743150
       -0.0000354597   0.0000301631  -0.0000946669   0.0000382317   0.0000733909
       -0.0000606683  -0.0000819008   0.0001542483   0.0000063679
       -0.0015597252  -0.0066737487  -0.0044476233  -0.0012723394   0.0003208854
       -0.0015282899  -0.0004203764  -0.0031556470   0.0039630066  -0.0000044945
        0.0001224726  -0.0005508033  -0.0000643978   0.0004857284   0.0003101779
        0.0002916172  -0.0014823495  -0.0002864004  -0.0001225666   0.0000120404
       -0.0000303852   0.0200165075  -0.2316730095  -0.0828363269  -0.0001791511
       -0.0005752777  -0.0000117339   0.0000064114  -0.0000468875  -0.0000004963
        0.0033533796  -0.0251156417  -0.0058445340   0.0026392236  -0.0047064488
       -0.0040973955  -0.0230930496   0.2711154498   0.0941361868   0.0000268346
        0.0000941764   0.0000485770  -0.0000171166   0.0000513923   0.0001106829
        0.0002573884   0.0011391045   0.0006922951  -0.0003752356  -0.0004460527
       -0.0002827785   0.0006819140   0.0004732938   0.0005159825  -0.0000472377
        0.0000154660   0.0000358099  -0.0000206241   0.0000311433   0.0000105920
        0.0000207685  -0.0000141362   0.0000695303  -0.0000264336   0.0000025412
        0.0000175534  -0.0000912968   0.0000255052   0.0000063727
       -0.0025184663  -0.0167508494  -0.0071751396  -0.0018343483  -0.0002572768
       -0.0019511547   0.0000298266   0.0030793721  -0.0023681101  -0.0001832123
        0.0000293365   0.0003907655   0.0000152292  -0.0001091946  -0.0000970632
       -0.0002667679   0.0011010764   0.0001631117  -0.0000988491   0.0001599064
       -0.0000977102   0.0118080410  -0.0846197390  -0.0792416413  -0.0003540224
       -0.0008479791  -0.0000663875  -0.0000116001   0.0001630501  -0.0001213346
       -0.0035258369   0.0216252508   0.0064477127   0.0053631546  -0.0189361621
       -0.0089449166  -0.0079287801   0.0941361868   0.0921371849  -0.0000991366
        0.0000719987   0.0000144747  -0.0000622188   0.0000800252   0.0000849029
        0.0003510268   0.0000074189   0.0012328275  -0.0005713270   0.0000478403
       -0.0008267142   0.0000235115   0.0011310900   0.0003549660   0.0000838578
        0.0000386663  -0.0001085358  -0.0001469347  -0.0000405001   0.0001442984
       -0.0000282695  -0.0000108688   0.0000026707  -0.0000898975  -0.0000345405
        0.0000331889   0.0000450199  -0.0000641080  -0.0000073961
       -0.0036766898   0.0032690716   0.0001735748   0.0033606608   0.0258057827
        0.0012742225  -0.0028955343  -0.0138950643  -0.0045656661  -0.0001090111
        0.0000722922  -0.0000586878  -0.0545804573  -0.0549090700  -0.0027042683
        0.0011249076   0.0000460571   0.0003644216  -0.0006895407   0.0001135775
       -0.0004731036  -0.0000969051  -0.0003363085  -0.0000830027   0.0007107226
        0.0002774395   0.0001030231   0.0004696552   0.0000768848  -0.0000840612
       -0.0010896864   0.0000247783  -0.0011666768   0.0000422031   0.0000930905
        0.0000142955  -0.0000099706   0.0000268346  -0.0000991366   0.0635799904
        0.0597105095   0.0069074988  -0.0058369750  -0.0213574416   0.0011024190
        0.0000060980   0.0014029444  -0.0000916166  -0.0001287721   0.0001758056
       -0.0000451363  -0.0001935303  -0.0005296950  -0.0004831337  -0.0000136059
        0.0000720963   0.0000805535   0.0000177554  -0.0000892904  -0.0000899990
       -0.0000217959  -0.0000171718  -0.0000348728   0.0000375768  -0.0000067662
       -0.0000264719  -0.0000070953  -0.0000263568  -0.0000141753
        0.0042367544  -0.0019562553  -0.0003911007  -0.0008529758  -0.0203239774
       -0.0007529708  -0.0025328211  -0.0062223298  -0.0027402403  -0.0001716122
       -0.0000870031   0.0001033577  -0.0544362558  -0.2607755000  -0.0196833901
        0.0007204741   0.0013711869   0.0005308197  -0.0001636979  -0.0003385444
       -0.0003842759   0.0002267220   0.0004616146  -0.0000211277  -0.0002086316
        0.0003273599   0.0003371872  -0.0002140267   0.0001630937  -0.0002251726
       -0.0010291772   0.0004334019  -0.0009329800   0.0001510023   0.0001135495
        0.0000481010   0.0000900971   0.0000941764   0.0000719987   0.0597105095
        0.3019414748   0.0229976759  -0.0054732404  -0.0134642152   0.0016469877
        0.0000146906  -0.0014014705  -0.0000003736  -0.0000001323   0.0000233001
       -0.0000799151  -0.0002401953  -0.0004268314  -0.0004657896  -0.0000859160
        0.0001656949   0.0001216454   0.0002462362  -0.0000532722  -0.0002174798
       -0.0000233832  -0.0000105724   0.0000042086   0.0000471885   0.0000015949
       -0.0000016185  -0.0000116092  -0.0000364761   0.0000344531
       -0.0002589743   0.0003469864   0.0008106387  -0.0001104810   0.0002480013
        0.0007597910  -0.0079214089  -0.0250951466  -0.0085308039  -0.0001696606
       -0.0000542475   0.0000254629  -0.0020511170  -0.0192319322  -0.0440048653
       -0.0002689916  -0.0016232935   0.0002897513  -0.0006417369  -0.0001666084
       -0.0007651967   0.0001461818   0.0003504970   0.0000616463  -0.0001851997
        0.0005863203   0.0000869759   0.0000976500  -0.0003714527  -0.0000848743
       -0.0025423488  -0.0006136213  -0.0030808673  -0.0001538056  -0.0000687411
       -0.0000641701  -0.0000680459   0.0000485770   0.0000144747   0.0069074988
        0.0229976759   0.0550721691   0.0077255463   0.0238354519   0.0004963544
       -0.0000261633   0.0001121170   0.0000748041   0.0000433642  -0.0001807448
        0.0000531685  -0.0005668815  -0.0012464098  -0.0012139396   0.0000150314
       -0.0000343242  -0.0000066067   0.0000840792   0.0001207734  -0.0000437367
       -0.0000121079   0.0000029275   0.0000238761  -0.0000191105   0.0000092185
        0.0000186082  -0.0000233181   0.0000279758   0.0000073395
        0.0010442740  -0.0009704681   0.0000624261  -0.0219594498  -0.0034626551
        0.0213143021   0.0056265335   0.0029658256  -0.0109861469  -0.0000068412
       -0.0000932081  -0.0001602774  -0.1219149209  -0.0397074437   0.1038160667
       -0.0003441012   0.0000865279  -0.0028065437   0.0012203876   0.0004144119
       -0.0017354537   0.0001095707  -0.0001085648  -0.0000661416   0.0000492238
       -0.0003825334   0.0001518017  -0.0054666740   0.0034336753  -0.0000578877
       -0.0002121488   0.0000382208  -0.0001601787   0.0003414450  -0.0002632532
       -0.0001878883  -0.0000628395  -0.0000171166  -0.0000622188  -0.0058369750
       -0.0054732404   0.0077255463   0.1473241488   0.0432811269  -0.1167565138
        0.0000644686  -0.0003685457  -0.0002432602  -0.0000738412   0.0003790769
       -0.0003378428   0.0001632394   0.0000972901   0.0001829373   0.0000789071
       -0.0002190513  -0.0001633995  -0.0000959181   0.0002114988   0.0003820532
        0.0000222470   0.0000384656   0.0000795737  -0.0000482439   0.0000288314
        0.0000271468  -0.0000224919   0.0000911291  -0.0000181008
        0.0005489371   0.0009507953  -0.0009517376   0.0116353947   0.0034673530
       -0.0118639505   0.0026563288   0.0017472633  -0.0022346212   0.0000518539
       -0.0000927121   0.0000874182  -0.0398311768  -0.0629113290   0.0477045812
        0.0001552120   0.0004715728  -0.0000859917   0.0002709304   0.0007841121
        0.0002079804   0.0001574481  -0.0005494648  -0.0003205076  -0.0003585674
        0.0001206026  -0.0001292848   0.0035794193  -0.0012519869  -0.0004718420
       -0.0002911265   0.0002238812  -0.0002607064  -0.0003603652  -0.0007833890
       -0.0005634901  -0.0000755551   0.0000513923   0.0000800252  -0.0213574416
       -0.0134642152   0.0238354519   0.0432811269   0.0712133150  -0.0554516577
       -0.0001294795   0.0000851329   0.0001233970   0.0001412075   0.0000349824
        0.0003015450  -0.0000135072  -0.0001648378  -0.0000637505   0.0000714595
       -0.0001013517  -0.0001196235  -0.0000935594   0.0000930900   0.0000840480
        0.0000110208   0.0000229913   0.0000490659  -0.0000419317   0.0000097054
        0.0000342268  -0.0000076285   0.0000430970   0.0000094239
       -0.0000586174   0.0001234939   0.0004915171   0.0037439346  -0.0008658964
       -0.0006820553   0.0115034005   0.0079770017  -0.0257160712  -0.0000795878
        0.0000677207   0.0001962302   0.1021371270   0.0476464799  -0.1723058107
       -0.0021989972  -0.0008083600  -0.0053973809   0.0007029601   0.0001859820
        0.0005522731  -0.0000150212   0.0000633855  -0.0000559319  -0.0001697250
        0.0000214257   0.0003309295   0.0009321565  -0.0000536727   0.0008830294
       -0.0001294869   0.0003105955  -0.0008762748  -0.0004763393  -0.0006673742
        0.0000721011  -0.0001673700   0.0001106829   0.0000849029   0.0011024190
        0.0016469877   0.0004963544  -0.1167565138  -0.0554516577   0.2022234695
       -0.0000836746   0.0000895171   0.0000317282   0.0000664705  -0.0002389293
        0.0000846853  -0.0001414136  -0.0000943858  -0.0002752711  -0.0000099141
        0.0001393490   0.0001023935   0.0000904429  -0.0001410278  -0.0001964786
       -0.0000313087  -0.0000105729  -0.0000440757   0.0000335995  -0.0000003356
       -0.0000115356   0.0000054589  -0.0000504090   0.0000112716
       -0.1825567894   0.0937348893   0.0636002156   0.0040118803  -0.0020364306
       -0.0009055582   0.0002321891  -0.0001302115   0.0000102216   0.0000116540
        0.0000584778  -0.0002481096   0.0007936786  -0.0002347608   0.0001224142
        0.0000529479   0.0000057457  -0.0000533376   0.0000450238  -0.0000865931
        0.0000512124  -0.0252888354   0.0099841367   0.0047606289  -0.0002052620
        0.0002103237   0.0000433566   0.0010021854  -0.0005626468  -0.0003426390
       -0.0008209015  -0.0002879926   0.0004058671  -0.0046249484  -0.0004378924
       -0.0031383982   0.0005526381   0.0002573884   0.0003510268   0.0000060980
        0.0000146906  -0.0000261633   0.0000644686  -0.0001294795  -0.0000836746
        0.2146920308  -0.1050790879  -0.0707179049  -0.0075982197   0.0048039088
        0.0065659933  -0.0002500783   0.0000504248  -0.0004783516   0.0001032339
        0.0000198237  -0.0001279716  -0.0001537933  -0.0001116489   0.0001540468
       -0.0000351787   0.0000045133  -0.0000145120  -0.0000673010  -0.0000089623
        0.0000247358   0.0000332790  -0.0000386163   0.0000469013
        0.0944144719  -0.1014643285  -0.0399814555   0.0221106515  -0.0226525122
       -0.0090846434  -0.0002941668   0.0002696586  -0.0001001071   0.0001849365
       -0.0001455514   0.0002577475  -0.0013820403  -0.0065078587  -0.0004392927
       -0.0000272027  -0.0000675915  -0.0000412827  -0.0001016608  -0.0000020850
       -0.0000858953  -0.0038986695   0.0021092331  -0.0000354261  -0.0001990160
       -0.0006577500  -0.0003004416   0.0009692531   0.0003011804  -0.0001544875
       -0.0000620248   0.0001491890  -0.0002211732  -0.0013044584   0.0002708185
       -0.0003642242  -0.0016274348   0.0011391045   0.0000074189   0.0014029444
       -0.0014014705   0.0001121170  -0.0003685457   0.0000851329   0.0000895171
       -0.1050790879   0.1240487760   0.0481286942  -0.0046982062   0.0043915045
        0.0023045246   0.0001505787  -0.0000149955   0.0002925544  -0.0000964831
        0.0004118837   0.0003682084  -0.0001194608   0.0000277614  -0.0006166886
       -0.0000356221  -0.0000792750  -0.0000813225   0.0000278701  -0.0000714824
       -0.0000144623   0.0000333738  -0.0001393419  -0.0000398793
        0.0643410612  -0.0410718017  -0.0740866673   0.0004088539   0.0002252680
        0.0012248383   0.0001481953   0.0000362735   0.0001002636   0.0000279764
       -0.0000375289  -0.0000265940  -0.0004502881   0.0003511564   0.0004029415
        0.0000240701  -0.0000301619   0.0000333826   0.0000016879  -0.0000646429
       -0.0000560119  -0.0151013996   0.0071811441   0.0048267169  -0.0001257854
       -0.0000961295  -0.0002363458  -0.0005773799   0.0010247877   0.0008401937
       -0.0006487586  -0.0003494152   0.0001666579  -0.0027884766  -0.0001116532
       -0.0008447641  -0.0007677093   0.0006922951   0.0012328275  -0.0000916166
       -0.0000003736   0.0000748041  -0.0002432602   0.0001233970   0.0000317282
       -0.0707179049   0.0481286942   0.0820287520   0.0265616426  -0.0157287842
       -0.0156015529  -0.0000477170   0.0000791681  -0.0001935272   0.0001109724
        0.0000492234  -0.0002892613  -0.0000754181  -0.0002450034   0.0004491237
        0.0000290591  -0.0000346956   0.0001228713  -0.0000779164  -0.0000469124
        0.0000920005   0.0000601119  -0.0000743051  -0.0002923772
       -0.0508815081  -0.0098455172   0.0453967816  -0.0021217857  -0.0048115637
        0.0063630002   0.0000268400  -0.0001457785  -0.0000355471  -0.0001391179
       -0.0000360872  -0.0000734899   0.0004117293   0.0001548305  -0.0002106084
       -0.0000229501  -0.0000172715   0.0000102213  -0.0000077575  -0.0000284819
       -0.0000705929  -0.0001606307   0.0058421067  -0.0240271038   0.0001402171
       -0.0005254767   0.0004548233   0.0000559412  -0.0023330088   0.0002469775
       -0.0023955054  -0.0009592467  -0.0022667951   0.0006673637   0.0004979436
       -0.0017305992  -0.0005962479  -0.0003752356  -0.0005713270  -0.0001287721
       -0.0000001323   0.0000433642  -0.0000738412   0.0001412075   0.0000664705
       -0.0075982197  -0.0046982062   0.0265616426   0.0637080428   0.0167742414
       -0.0489372456  -0.0008852402   0.0003925660  -0.0013392586   0.0000730203
       -0.0000417971  -0.0001056948  -0.0000041484   0.0000115406   0.0001895839
       -0.0000153605  -0.0000148495   0.0000653451  -0.0000316034   0.0000145783
        0.0000190249  -0.0000204657   0.0000036384  -0.0000489728
       -0.0105173800  -0.0591624511   0.0586056351  -0.0092129545  -0.0132658635
        0.0279800377  -0.0000327998   0.0001539023  -0.0000339453   0.0000129134
       -0.0001344525  -0.0000543569  -0.0008263193  -0.0001785578   0.0004178912
       -0.0000762522   0.0000106246  -0.0001061906   0.0000112082   0.0000121773
       -0.0000559676   0.0002564422   0.0024865643  -0.0040742616   0.0000097691
        0.0009515259   0.0008498588  -0.0015311081  -0.0063128725   0.0009165450
       -0.0001014598   0.0000473317   0.0000799299   0.0000530002   0.0007147652
        0.0000926489  -0.0001280649  -0.0004460527   0.0000478403   0.0001758056
        0.0000233001  -0.0001807448   0.0003790769   0.0000349824  -0.0002389293
        0.0048039088   0.0043915045  -0.0157287842   0.0167742414   0.0706679514
       -0.0686446403  -0.0000252429  -0.0000247520  -0.0000301366  -0.0000107955
        0.0000657982  -0.0000370339   0.0000239245  -0.0000450501   0.0001085725
        0.0000090949   0.0000142616   0.0000363581  -0.0000272671   0.0000068691
        0.0000058760  -0.0000197411  -0.0000115065   0.0000437976
        0.0448111421   0.0593770556  -0.2450985818   0.0021077326   0.0028618153
       -0.0028736389   0.0000981092  -0.0001524774   0.0000477384  -0.0001561887
       -0.0001910463   0.0004003614   0.0000162391  -0.0002803406   0.0001818221
        0.0000216311  -0.0000522529   0.0000176047  -0.0000830866  -0.0000060529
        0.0000093558  -0.0006775540   0.0050373394  -0.0203052341  -0.0002907928
       -0.0007207833   0.0014338236   0.0000761181   0.0011939550   0.0008405690
       -0.0024344666  -0.0014796168  -0.0015146387   0.0005700400   0.0003780516
        0.0011638572  -0.0005962246  -0.0002827785  -0.0008267142  -0.0000451363
       -0.0000799151   0.0000531685  -0.0003378428   0.0003015450   0.0000846853
        0.0065659933   0.0023045246  -0.0156015529  -0.0489372456  -0.0686446403
        0.2836021650  -0.0008596779   0.0003470652  -0.0012658021  -0.0001095074
        0.0002023705   0.0002578154   0.0002386773  -0.0000671649  -0.0004696611
       -0.0000624501  -0.0000274907  -0.0000951942   0.0000958399   0.0000063951
       -0.0000546147  -0.0000113493  -0.0000255576   0.0000126662
        0.0023746203   0.0021681845  -0.0018070931   0.0007000242   0.0002152651
        0.0002507580  -0.0021154720  -0.0031427988  -0.0064661631  -0.0193693470
       -0.0075980829  -0.0200173207   0.0008745766  -0.0013129121   0.0015162589
       -0.0001668800  -0.0006485056   0.0003188714   0.0019312903   0.0007242587
        0.0012157466  -0.0098413323  -0.0007804288  -0.0106263345   0.0000364949
        0.0000145995   0.0001793300  -0.0000360717   0.0000482969   0.0001204027
       -0.0547078796  -0.0112709267  -0.0198236073   0.0010461086   0.0002562731
        0.0002220590   0.0000028498   0.0006819140   0.0000235115  -0.0001935303
       -0.0002401953  -0.0005668815   0.0001632394  -0.0000135072  -0.0001414136
       -0.0002500783   0.0001505787  -0.0000477170  -0.0008852402  -0.0000252429
       -0.0008596779   0.0818261152   0.0209567641   0.0557376171  -0.0001591295
       -0.0001052232   0.0008388189  -0.0007740481  -0.0003180364   0.0005445245
       -0.0003529327  -0.0000664874  -0.0002814853  -0.0000652272   0.0000979957
       -0.0000702587  -0.0000381505   0.0002082167  -0.0002599460
        0.0005855971  -0.0005208072   0.0019836520   0.0003038393   0.0000395853
        0.0001513506  -0.0141732510  -0.0075651113  -0.0183209941  -0.0040123639
       -0.0000127412  -0.0040092398   0.0002310373  -0.0038744045  -0.0001602797
       -0.0000763025  -0.0007117991   0.0002811814  -0.0008348487  -0.0001612235
       -0.0010823688   0.0076376882   0.0034650390   0.0065707526  -0.0000006091
       -0.0000111284   0.0000880468  -0.0000555146  -0.0000139566   0.0000218187
       -0.0118180311  -0.0227288440  -0.0067496193   0.0003535249   0.0000141149
       -0.0002819565   0.0009891410   0.0004732938   0.0011310900  -0.0005296950
       -0.0004268314  -0.0012464098   0.0000972901  -0.0001648378  -0.0000943858
        0.0000504248  -0.0000149955   0.0000791681   0.0003925660  -0.0000247520
        0.0003470652   0.0209567641   0.0323158459   0.0211638623  -0.0001128968
        0.0002681770   0.0004080898  -0.0000496753  -0.0001135884   0.0000433075
       -0.0000220483  -0.0000662003  -0.0001871365   0.0000534630  -0.0000495874
       -0.0000761428   0.0000339006  -0.0001152474  -0.0000608519
        0.0020556014   0.0038362851  -0.0031002267   0.0011277056   0.0003979003
        0.0005706836  -0.0105850370  -0.0082679625  -0.0147134676  -0.0014239425
       -0.0004171963  -0.0000469562   0.0005675317  -0.0038585922   0.0010954923
       -0.0003120521  -0.0008390083   0.0003601468   0.0000289653  -0.0006454163
       -0.0004737624  -0.0212610890  -0.0038253555  -0.0185028557  -0.0000443420
       -0.0000012343   0.0002204449  -0.0002571628  -0.0000748824   0.0002417842
       -0.0243291825  -0.0076161759  -0.0341035747   0.0006369299  -0.0000760915
       -0.0000975541  -0.0001483762   0.0005159825   0.0003549660  -0.0004831337
       -0.0004657896  -0.0012139396   0.0001829373  -0.0000637505  -0.0002752711
       -0.0004783516   0.0002925544  -0.0001935272  -0.0013392586  -0.0000301366
       -0.0012658021   0.0557376171   0.0211638623   0.0713896120  -0.0003361581
        0.0006209454   0.0012449058   0.0003983113  -0.0003887335  -0.0005229056
        0.0000312980  -0.0001721387  -0.0005075267   0.0002483048  -0.0000118604
       -0.0002866514  -0.0000171163  -0.0000732054  -0.0001740147
        0.0000404871  -0.0000169798  -0.0000220051   0.0000821272   0.0000847812
       -0.0002206601   0.0000616225   0.0001847483  -0.0002009253  -0.0021885982
        0.0005674506   0.0019640587  -0.0001008416   0.0000894036   0.0000530425
       -0.0000711155   0.0001135147   0.0001426605   0.0001868376  -0.0000021668
       -0.0000153380  -0.0000619195  -0.0001159493  -0.0001167622  -0.0000533172
       -0.0000478387  -0.0000989626   0.0002675410   0.0001701426   0.0004728738
       -0.0002339688  -0.0001510050   0.0000401065   0.0001335273   0.0000188156
       -0.0000777193   0.0000390688  -0.0000472377   0.0000838578  -0.0000136059
       -0.0000859160   0.0000150314   0.0000789071   0.0000714595  -0.0000099141
        0.0001032339  -0.0000964831   0.0001109724   0.0000730203  -0.0000107955
       -0.0001095074  -0.0001591295  -0.0001128968  -0.0003361581   0.3458246057
       -0.0097281688  -0.0131943163  -0.0887040121   0.0463140454   0.0414899589
       -0.0848512066   0.0006819746  -0.0520614485  -0.1270858904  -0.0278501373
        0.0189781213  -0.0433673733  -0.0100307613   0.0031130334
       -0.0003101066  -0.0003308673  -0.0000540231  -0.0002836486  -0.0004260051
        0.0003431036  -0.0002719768  -0.0009014357   0.0002801234   0.0101595941
        0.0018123270  -0.0056641445   0.0000606478  -0.0001233740  -0.0002004884
        0.0003561933   0.0000186349  -0.0002789186  -0.0004513358   0.0001824749
        0.0001670039  -0.0001273267   0.0000349444  -0.0000285589   0.0001806247
        0.0001823033   0.0000410988  -0.0000397601  -0.0000650486  -0.0009056294
       -0.0037029561  -0.0002716033   0.0021177840  -0.0001555391  -0.0000796919
        0.0002993941  -0.0002886332   0.0000154660   0.0000386663   0.0000720963
        0.0001656949  -0.0000343242  -0.0002190513  -0.0001013517   0.0001393490
        0.0000198237   0.0004118837   0.0000492234  -0.0000417971   0.0000657982
        0.0002023705  -0.0001052232   0.0002681770   0.0006209454  -0.0097281688
        0.3511233096   0.0206005197   0.0417351552  -0.1666784308  -0.0863580009
        0.0062422835  -0.0393292751   0.0143823032  -0.0373565547  -0.0488254548
        0.0129213017  -0.0057443403  -0.0971484757   0.0413209011
       -0.0003286181  -0.0000545510  -0.0000313164  -0.0003077042   0.0000135624
        0.0000515135  -0.0003788696  -0.0007331030   0.0001264384   0.0075090084
        0.0003989010  -0.0040610832  -0.0001498603  -0.0000781252  -0.0002748242
        0.0002692628   0.0000284137  -0.0000862574  -0.0003855148   0.0001229098
        0.0001579377  -0.0002850066   0.0003957832  -0.0004069404   0.0001568969
        0.0000218363   0.0000733485  -0.0001593785  -0.0006170794  -0.0004411464
       -0.0021079984  -0.0001305522   0.0012035889  -0.0002592680  -0.0000140275
        0.0003567728   0.0001721768   0.0000358099  -0.0001085358   0.0000805535
        0.0001216454  -0.0000066067  -0.0001633995  -0.0001196235   0.0001023935
       -0.0001279716   0.0003682084  -0.0002892613  -0.0001056948  -0.0000370339
        0.0002578154   0.0008388189   0.0004080898   0.0012449058  -0.0131943163
        0.0206005197   0.3532704995   0.0389576710  -0.0898920248  -0.1464156487
       -0.0438402157   0.0070216910  -0.0902807688   0.0124308960   0.0088490800
       -0.0432578231   0.0013785321   0.0532896700  -0.0711850015
       -0.0002178605   0.0001973859  -0.0003242952   0.0000013390  -0.0002139637
        0.0002812511  -0.0006966653  -0.0010744392   0.0005756156  -0.0000664147
       -0.0006450534  -0.0022654422   0.0002154269  -0.0002127971  -0.0005313246
        0.0001724361  -0.0002827911  -0.0002930479  -0.0006619062   0.0005703807
        0.0003783909  -0.0007128324   0.0006782239   0.0000709796   0.0001374040
        0.0001348636   0.0003344699  -0.0011009285   0.0000003263  -0.0003394051
       -0.0052436248  -0.0006236225   0.0050038614  -0.0003948589  -0.0005397045
        0.0009500674  -0.0000784498  -0.0000206241  -0.0001469347   0.0000177554
        0.0002462362   0.0000840792  -0.0000959181  -0.0000935594   0.0000904429
       -0.0001537933  -0.0001194608  -0.0000754181  -0.0000041484   0.0000239245
        0.0002386773  -0.0007740481  -0.0000496753   0.0003983113  -0.0887040121
        0.0417351552   0.0389576710   0.1017629579  -0.0827220545  -0.0813526742
        0.0176778407  -0.0082871208   0.0023901127  -0.0239935262   0.0314552826
        0.0351900409   0.0029138273   0.0198430876   0.0003845708
        0.0002526953   0.0003344051  -0.0000686151   0.0001474068   0.0004927773
       -0.0001702592   0.0000934758   0.0006150891  -0.0000304850  -0.0053716332
       -0.0035715905   0.0031777601  -0.0000933144   0.0000996788   0.0000865126
       -0.0005561648   0.0002031977   0.0002166019   0.0002411056  -0.0000245527
       -0.0000322639  -0.0001345680   0.0001754404   0.0001372564  -0.0001806424
       -0.0001914178   0.0001512164   0.0001034230  -0.0007773622   0.0005528796
        0.0018370701   0.0009569144  -0.0010490098  -0.0000322963  -0.0000412888
        0.0000172581   0.0002430307   0.0000311433  -0.0000405001  -0.0000892904
       -0.0000532722   0.0001207734   0.0002114988   0.0000930900  -0.0001410278
       -0.0001116489   0.0000277614  -0.0002450034   0.0000115406  -0.0000450501
       -0.0000671649  -0.0003180364  -0.0001135884  -0.0003887335   0.0463140454
       -0.1666784308  -0.0898920248  -0.0827220545   0.2406823680   0.1655365813
       -0.0080939958  -0.0118406963  -0.0374593642   0.0295176143   0.0011034624
       -0.0164480302   0.0187307386  -0.0614780780  -0.0239643581
        0.0003191245  -0.0000728069   0.0001562119   0.0002103729  -0.0001661822
        0.0001601582   0.0005937330   0.0011022010  -0.0003487008  -0.0055549996
        0.0000883818   0.0009047668  -0.0000017093   0.0002362845   0.0004401533
       -0.0002223364  -0.0001620480  -0.0000849667   0.0006163003  -0.0004583585
       -0.0003044358   0.0003590113  -0.0006618461   0.0004386593  -0.0001602154
       -0.0000592706  -0.0002542329   0.0005788645   0.0013035038   0.0003663856
        0.0049328550   0.0003052801  -0.0028892690   0.0004048416   0.0002326073
       -0.0007598226  -0.0000743150   0.0000105920   0.0001442984  -0.0000899990
       -0.0002174798  -0.0000437367   0.0003820532   0.0000840480  -0.0001964786
        0.0001540468  -0.0006166886   0.0004491237   0.0001895839   0.0001085725
       -0.0004696611   0.0005445245   0.0000433075  -0.0005229056   0.0414899589
       -0.0863580009  -0.1464156487  -0.0813526742   0.1655365813   0.2043714345
        0.0020423398  -0.0384870027  -0.0490555614   0.0342109214  -0.0176510062
       -0.0215451191   0.0004277173  -0.0241406694   0.0154593472
        0.0000479705   0.0000076251   0.0000243759   0.0000470257  -0.0000109942
        0.0000592591   0.0000502814   0.0001312954   0.0000562322  -0.0008225289
       -0.0001573449   0.0004645660   0.0000472471  -0.0000113719   0.0000372071
       -0.0000314161  -0.0000043193  -0.0000154627   0.0000381597  -0.0000161898
       -0.0000324542   0.0000959920  -0.0000846452   0.0000978913  -0.0000466356
       -0.0000124746   0.0000040284  -0.0000261637   0.0000603802   0.0000179672
        0.0002557560   0.0000409565  -0.0001773548   0.0000202163   0.0000256752
       -0.0000794860  -0.0000354597   0.0000207685  -0.0000282695  -0.0000217959
       -0.0000233832  -0.0000121079   0.0000222470   0.0000110208  -0.0000313087
       -0.0000351787  -0.0000356221   0.0000290591  -0.0000153605   0.0000090949
       -0.0000624501  -0.0003529327  -0.0000220483   0.0000312980  -0.0848512066
        0.0062422835  -0.0438402157   0.0176778407  -0.0080939958   0.0020423398
        0.1046721814  -0.0000368478   0.0714142786  -0.0343658580  -0.0006487054
       -0.0265069958  -0.0023703815   0.0026088425  -0.0034923972
        0.0000809930   0.0000165810   0.0000091571   0.0000198283   0.0000362111
       -0.0000682725   0.0000254223   0.0001045493  -0.0000144666  -0.0006409452
       -0.0002546392   0.0001944171   0.0000103683   0.0000301976   0.0000295046
       -0.0000728094   0.0000180402   0.0000040870   0.0000636858  -0.0000051182
       -0.0000210075   0.0000276514   0.0000198206   0.0000306065  -0.0000097032
       -0.0000258365  -0.0000403798  -0.0000077572   0.0000256496   0.0002666915
        0.0000868851   0.0000707611   0.0000445023   0.0000040787   0.0000027835
       -0.0000339533   0.0000301631  -0.0000141362  -0.0000108688  -0.0000171718
       -0.0000105724   0.0000029275   0.0000384656   0.0000229913  -0.0000105729
        0.0000045133  -0.0000792750  -0.0000346956  -0.0000148495   0.0000142616
       -0.0000274907  -0.0000664874  -0.0000662003  -0.0001721387   0.0006819746
       -0.0393292751   0.0070216910  -0.0082871208  -0.0118406963  -0.0384870027
       -0.0000368478   0.0562860784   0.0100330800  -0.0104200468   0.0004640517
       -0.0057594110   0.0184997094  -0.0054862277   0.0270435954
        0.0001582884  -0.0000154677  -0.0000002973   0.0001308859  -0.0000609726
       -0.0000680571   0.0000845920   0.0002054147   0.0001123880  -0.0020635967
       -0.0005372107   0.0005985098   0.0001028036   0.0000320363   0.0001031062
       -0.0001538917   0.0000508958  -0.0000249638   0.0001158651   0.0000224121
       -0.0000534500   0.0001655927  -0.0001679619   0.0001876136  -0.0000192055
        0.0000224872  -0.0000666885  -0.0000199769   0.0002324200   0.0003973073
        0.0005502546   0.0000511932  -0.0002451857   0.0000748924  -0.0000026238
       -0.0000896068  -0.0000946669   0.0000695303   0.0000026707  -0.0000348728
        0.0000042086   0.0000238761   0.0000795737   0.0000490659  -0.0000440757
       -0.0000145120  -0.0000813225   0.0001228713   0.0000653451   0.0000363581
       -0.0000951942  -0.0002814853  -0.0001871365  -0.0005075267  -0.0520614485
        0.0143823032  -0.0902807688   0.0023901127  -0.0374593642  -0.0490555614
        0.0714142786   0.0100330800   0.1579465758  -0.0035786008   0.0010716911
        0.0038395904  -0.0170102278   0.0122489633  -0.0228031332
       -0.0000539005   0.0000877688  -0.0000013231   0.0000144783   0.0000286587
        0.0000370788  -0.0000621507  -0.0002128752   0.0001301203   0.0031105384
        0.0005514012  -0.0018308163   0.0000665565  -0.0000542812  -0.0000696177
        0.0001028129  -0.0000442393  -0.0000857569  -0.0001536050   0.0000185430
        0.0000478553  -0.0000840215   0.0001745266   0.0000163403   0.0000351177
        0.0000125122   0.0001040912  -0.0001898127  -0.0001431632  -0.0002940745
       -0.0010931262  -0.0002140369   0.0006358421  -0.0001177942  -0.0000338052
        0.0001570738   0.0000382317  -0.0000264336  -0.0000898975   0.0000375768
        0.0000471885  -0.0000191105  -0.0000482439  -0.0000419317   0.0000335995
       -0.0000673010   0.0000278701  -0.0000779164  -0.0000316034  -0.0000272671
        0.0000958399  -0.0000652272   0.0000534630   0.0002483048  -0.1270858904
       -0.0373565547   0.0124308960  -0.0239935262   0.0295176143   0.0342109214
       -0.0343658580  -0.0104200468  -0.0035786008   0.1925476203   0.0280098689
       -0.0456564676  -0.0085408719  -0.0099547803   0.0035556180
        0.0000146351   0.0000266936   0.0000034565  -0.0000260472   0.0000385091
       -0.0000244659   0.0000228768   0.0000851541  -0.0000263440  -0.0014081592
       -0.0004745917   0.0007006212  -0.0000114477   0.0000251410   0.0000022914
       -0.0000744716   0.0000230291   0.0000400588   0.0000370664  -0.0000155964
       -0.0000120702   0.0000634595   0.0000189027  -0.0000953561   0.0000183317
       -0.0000003768  -0.0000177393   0.0000242456   0.0000109320   0.0001252276
        0.0006981136   0.0000864854  -0.0004414596   0.0000050750   0.0000361270
       -0.0000042194   0.0000733909   0.0000025412  -0.0000345405  -0.0000067662
        0.0000015949   0.0000092185   0.0000288314   0.0000097054  -0.0000003356
       -0.0000089623  -0.0000714824  -0.0000469124   0.0000145783   0.0000068691
        0.0000063951   0.0000979957  -0.0000495874  -0.0000118604  -0.0278501373
       -0.0488254548   0.0088490800   0.0314552826   0.0011034624  -0.0176510062
       -0.0006487054   0.0004640517   0.0010716911   0.0280098689   0.0622625105
       -0.0039446664  -0.0305290546  -0.0147646198   0.0115029359
        0.0000794272  -0.0000493949  -0.0000060168   0.0000289109  -0.0000453837
       -0.0000407231   0.0000780601   0.0001278073  -0.0000397847  -0.0023474448
       -0.0005084238   0.0011936653   0.0000032855   0.0000129489   0.0000444051
       -0.0000903805   0.0000643658   0.0000278352   0.0000825642  -0.0000136960
       -0.0000449640   0.0001184523  -0.0001057513   0.0000132648  -0.0000115509
       -0.0000009413  -0.0000544347   0.0001053388   0.0001133330   0.0002239200
        0.0009728545   0.0001626571  -0.0005302249   0.0000472560   0.0000179149
       -0.0001229977  -0.0000606683   0.0000175534   0.0000331889  -0.0000264719
       -0.0000016185   0.0000186082   0.0000271468   0.0000342268  -0.0000115356
        0.0000247358  -0.0000144623   0.0000920005   0.0000190249   0.0000058760
       -0.0000546147  -0.0000702587  -0.0000761428  -0.0002866514   0.0189781213
        0.0129213017  -0.0432578231   0.0351900409  -0.0164480302  -0.0215451191
       -0.0265069958  -0.0057594110   0.0038395904  -0.0456564676  -0.0039446664
        0.0676539118   0.0190150196   0.0134899372  -0.0071455002
        0.0000255092   0.0000303233   0.0000366676   0.0000401752   0.0000297198
        0.0000025617   0.0000549362   0.0000067959   0.0000059203   0.0000622035
        0.0003834235  -0.0000476414   0.0000228199  -0.0000306920   0.0000058284
        0.0000295269  -0.0000442505  -0.0000270033  -0.0000128840  -0.0000581759
       -0.0000193823   0.0000229127   0.0000630016   0.0001102412  -0.0000170985
       -0.0000199681   0.0000043604  -0.0000359721  -0.0000151274  -0.0000671182
        0.0000014593  -0.0000353507   0.0000068434  -0.0000128896  -0.0000250556
       -0.0000398284  -0.0000819008  -0.0000912968   0.0000450199  -0.0000070953
       -0.0000116092  -0.0000233181  -0.0000224919  -0.0000076285   0.0000054589
        0.0000332790   0.0000333738   0.0000601119  -0.0000204657  -0.0000197411
       -0.0000113493  -0.0000381505   0.0000339006  -0.0000171163  -0.0433673733
       -0.0057443403   0.0013785321   0.0029138273   0.0187307386   0.0004277173
       -0.0023703815   0.0184997094  -0.0170102278  -0.0085408719  -0.0305290546
        0.0190150196   0.0513209262  -0.0011786957  -0.0038412977
        0.0000917380   0.0001264938  -0.0000015792  -0.0000478596   0.0001626108
       -0.0000471813  -0.0000171723   0.0002890512   0.0000025340  -0.0023954143
       -0.0009291478   0.0012168888  -0.0000730132   0.0000861284   0.0000486353
       -0.0001709343   0.0000302462   0.0000949998   0.0001560262   0.0000005726
       -0.0000492968   0.0000697212   0.0001281594  -0.0000729490  -0.0000259670
       -0.0000742761  -0.0000564717   0.0001104101  -0.0000803465   0.0003769702
        0.0006236288   0.0000904169  -0.0003837782  -0.0000011156   0.0000112228
       -0.0000334245   0.0001542483   0.0000255052  -0.0000641080  -0.0000263568
       -0.0000364761   0.0000279758   0.0000911291   0.0000430970  -0.0000504090
       -0.0000386163  -0.0001393419  -0.0000743051   0.0000036384  -0.0000115065
       -0.0000255576   0.0002082167  -0.0001152474  -0.0000732054  -0.0100307613
       -0.0971484757   0.0532896700   0.0198430876  -0.0614780780  -0.0241406694
        0.0026088425  -0.0054862277   0.0122489633  -0.0099547803  -0.0147646198
        0.0134899372  -0.0011786957   0.1792702392  -0.0557236391
        0.0001325849  -0.0001101102  -0.0000280232   0.0000207825  -0.0000935154
        0.0000062721   0.0000157984  -0.0000412142   0.0000361779   0.0006018595
       -0.0000781248  -0.0003186762   0.0000604625  -0.0000182612   0.0000159817
       -0.0000082917   0.0000537777  -0.0000223106  -0.0000242260   0.0000396401
       -0.0000015399   0.0000774546  -0.0000586674   0.0000361573   0.0000020933
        0.0000288991  -0.0000005134   0.0000105771   0.0000395980   0.0000075952
       -0.0002917721   0.0000558818   0.0002423529  -0.0000289247   0.0000093452
       -0.0000112758   0.0000063679   0.0000063727  -0.0000073961  -0.0000141753
        0.0000344531   0.0000073395  -0.0000181008   0.0000094239   0.0000112716
        0.0000469013  -0.0000398793  -0.0002923772  -0.0000489728   0.0000437976
        0.0000126662  -0.0002599460  -0.0000608519  -0.0001740147   0.0031130334
        0.0413209011  -0.0711850015   0.0003845708  -0.0239643581   0.0154593472
       -0.0034923972   0.0270435954  -0.0228031332   0.0035556180   0.0115029359
       -0.0071455002  -0.0038412977  -0.0557236391   0.0861546003
