           1           2   1.00576710662022     
           2           5   1.01024905676583     
           3           5  0.996129490151809     
           3           6  0.982186377370542     
           3           7  0.977678594624846     
           1           8  0.994573414708704     
           2           9  0.977773100800429     
           2          10  0.977834494099041     
           3          11   1.00740506722161     
           4          11  0.945643133744892     
           8          11   1.01226249486652     
           8          12  0.978051046704884     
           8          13  0.980019738914053     
           5          14  0.978531855082767     
           5          15  0.978567288522729     
           1          16  0.982372764379889     
           1          17  0.978930741215614     
          11          18  0.907205790930469     
          19          20   1.16346365896539     
          19          21  0.936954789914460     
          19          22  0.938647182576433     
          19          23  0.935943394336235     
